1 0.595703125 0.4931640625 0.30859375 0.1142578125
1 0.2392578125 0.49609375 0.357421875 0.173828125
1 0.873046875 0.51171875 0.24609375 0.125
1 0.591796875 0.6044921875 0.28515625 0.12890625
1 0.8388671875 0.6181640625 0.232421875 0.12890625
1 0.283203125 0.6318359375 0.31640625 0.1142578125
1 0.5673828125 0.6806640625 0.263671875 0.09375
1 0.810546875 0.7119140625 0.24609375 0.1181640625
1 0.296875 0.7255859375 0.3017578125 0.09375
1 0.3037109375 0.16796875 0.361328125 0.173828125
1 0.8798828125 0.3369140625 0.232421875 0.2392578125
1 0.263671875 0.3505859375 0.361328125 0.201171875
1 0.6044921875 0.3544921875 0.3369140625 0.1943359375