1 0.6181640625 0.498046875 0.330078125 0.125
1 0.2392578125 0.5 0.37890625 0.1875
1 0.888671875 0.517578125 0.2119140625 0.1357421875
1 0.6142578125 0.6142578125 0.3056640625 0.1357421875
1 0.875 0.6337890625 0.2392578125 0.142578125
1 0.2861328125 0.64453125 0.33984375 0.12109375
1 0.5888671875 0.6962890625 0.27734375 0.1005859375
1 0.84765625 0.7294921875 0.2607421875 0.125
1 0.30078125 0.74609375 0.3232421875 0.1005859375
1 0.30859375 0.1494140625 0.3857421875 0.1875
1 0.8955078125 0.33203125 0.1943359375 0.2568359375
1 0.263671875 0.34375 0.3857421875 0.21484375
1 0.626953125 0.34765625 0.357421875 0.205078125